5

5

5

8

11

12

13

19

22

23

24

25

31

38

42

43

44

49

52

53

54

57

62

63

64

65

67

68

70

72

74

75

76

103

104

105

108

109

125

129

145

147

148

149

150

157

172

177

188

192

194

195

199

200

201

205

211

221

224

225

229

230

231

232

233

240

241

244

245

246

249

251

252

256

257

258

259

261

262

272

287

312

319

320

323

324

326

327

328

331

341

342

355

360

365

367

369

370

371

379

380

394

395

397

398

399

400

401

406

411

415

416

419

423

424

425

426

429

434

435

436

437

439

440

441

442

443

444

446

448

449

451

455

456

457

461

463

475

483

484

485

487

489

493

495

496

497

498

499

505

517

521

528

530

533

534

539

544

547

548

549

550

551

552

553

554

556

557

558

559

560

561

562

563

565

568

569

570

571

572

574

575

576

577

578

580

581

582

583

584

585

586

587

588

589

590

591

592

594

595

597

599

601

602

604

607

613

618

619

622

624

625

626

630

632

634

635

640

642

643

644

645

648

650

651

654

655

656

658

660

662

664

666

668

669

670

671

673

675

676

677

678

680

690

691

694

695

696

699

700

701

707

708

710

711

713

714

715

716

717

718

719

720

721

722

723

727

737

746

748

751

753

754

755

756

757

759

760

762

764

768

770

773

780

783

784

785

806

816

817

819

840

841

842

843

844

845

846

847

848

849

850

851

852

853

854

855

856

859

864

865

867

871

875

877

878

880

881

882

886

902

905

910

911

912

921

922

923

924

926

928

937

940

941

945

946

947

951

958

959

961

962

964

967

968

969

970

972

973

975

977

978

979

980

981

982

983

985

986

987

988

989

992

994

996

997

1008

1011

1015

1019

1023

1024

1025

1027

1030

1034

1040

1041

1042

1043

1044

1046

1047

1053

1054

1057

1059

1060

1061

1064

1065

1067

1068

1069

1070

1071

1072

1073

1074

1075

1076

1077

1079

1080

1084

1087

1088

1090

1094

1095

1096

1102

1105

1107

1110

1111

1113

1114

1115

1120

1122

1123

1126

1128

1129

1132

1133

1134

1135

1136

1138

1139

1141

1142

1143

1144

1146

1147

1149

1151

1152

1155

1156

1157

1159

1161

1163

1166

1172

1173

1175

1178

1179

1185

1187

1192

1193

1198

1202

1210

1211

1212

1214

1216

1217

1218

1222

1223

1224

1225

1226

1227

1228

1229

1230

1231

1235

1236

1239

1241

1242

1245

1247

1248

1250

1261

1264

1265

1270

1271

1300

1316

1317

1322

1349

1354

1357

1359

1367

1369

1371

1372

1374

1381

1382

1383

1384

1386

1387

1388

1390

1391

1398

1401

1404

1406

1411

1412

1417

1419

1420

1421

1422

1427

1429

1430

1431

1434

1436

1437

1440

1443

1444

1446

1448

1450

1453

1454

1457

1459

1460

1461

1462

1465

1467

1468

1472

1473

1474

1475

1476

1477

1478

1481

1487

1491

1492

1493

1494

1495

1498

1499

1500

1501

1502

1503

1507

1511

1514

1516

1517

1519

1520

1522

1523

1524

1525

1529

1530

1531

1532

1533

1534

1536

1538

1540

1542

1544

1545

1546

1549

1550

1551

1555

1556

1558

1563

1566

1567

1572

1576

1577

1578

1579

1580

1581

1582

1583

1584

1585

1586

1587

1589

1590

1591

1592

1593

1594

1596

1597

1598

1599

1600

1604

1605

1607

1608

1609

1611

1612

1616

1624

1628

1633

1634

1635

1636

1638

1640

1641

1643

1644

1646

1648

1651

1655

1663

1665

1667

1669

1671

1672

1673

1683

1691

1695

1696

1705

1707

1708

1709

1712

1718

1725

1730

1741

1743

1744

1748

1752

1766

1768

1771

1772

1774

1775

1791

1797

1801

1802

1803

1804

1805

1806

1807

1809

1810

1811

1813

1814

1815

1816

1817

1819

1820

1821

1822

1823

1824

1825

1826

1827

1828

1829

1831

1832

1845

1854

1855

1856

1857

1858

1859

1860

1861

1862

1865

1867

1874

1881

1882

1883

1885

1888

1891

1896

1899

1900

1901

1902

1903

1906

1922

1947

1953

1956

1958

1960

1961

1962

1963

1965

1970

1971

1975

1976

1977

1978

1980

1987

1992

1993

1995

2017

2044

2045

2046

2047

2050

2052

2062

2064

2065

2066

2069

2072

2077

2090

2092

2096

2098

2113

2114

2117

2118

2120

2121

2124

2126

2127

2130

2134

2136

2139

2141

2142

2143

2146

2149

2150

2155

2156

2157

2158

2159

2160

2161

2162

2163

2164

2165

2168

2169

2170

2172

2174

2175

2180

2183

2186

2187

2188

2190

2191

2193

2196

2200

2201

2210

2211

2214

2220

2240

2251

2253

2267

2268

2269

2271

2272

2273

2274

2283

2285

2289

2290

2291

2294

2296

2302

2312

2315

2319

2320

2321

2324

2326

2327

2328

2334

2335

2337

2340

2341

2368

2371

2372

2373

2374

2376

2377

2378

2379

2383

2386

2387

2390

2393

2394

2401

2402

2406

2407

2414

2416

2418

2420

2421

2423

2426

2428

2449

2466

2467

2471

2473

2475

2490

2502

2503

2505

2506

2507

2525

2560

2561

2576

2577

2578

2579

2580

2581

2582

2588

2589

2590

2591

2592

2593

2594

2595

2596

2597

2598

2599

2600

2601

2602

2603

2604

2605

2606

2607

2608

2609

2610

2611

2613

2615

2618

2619

2620

2624

2626

2648

2650

2652

2659

2661

2664

2665

2672

2675

2679

2683

2685

2692

2697

2699

2706

2724

2728

2733

2734

2735

2737

2743

2748

2749

2761

2767

2768

2773

2813

2816

2858

2860

2861

2862

2864

2880

2886

2892

2893

2902

2929

2932

2933

2934

2935

2964

2967

2988

2998

3005

3024

3026

3036

3070

3071

3072

3075

3088

3092

3093

3101

3102

3106

3129

3132

3136

3137

3138

3142

3145

3147

3148

3149

3150

3152

3153

3154

3155

3164

3165

3166

3174

3195

3198

3199

3200

3202

3204

3205

3206

3208

3209

3210

3211

3212

3213

3214

3215

3221

3222

3229

3236

3242

3244

3245

3246

3252

3253

3254

3255

3265

3266

3270

3273

3276

3278

3279

3282

3283

3287

3288

3290

3291

3293

3296

3298

3301

3306

3310

3312

3313

3316

3318

3320

3324

3325

3330

3335

3342

3343

3344

3347

3351

3370

3371

3373

3375

3377

3378

3382

3383

3385

3409

3412

3415

3429

3447

3452

3453

3454

3489

3499

3501

3502

3503

3505

3506

3509

3510

3511

3512

3513

3514

3516

3517

3519

3520

3522

3523

3524

3525

3526

3527

3528

3529

3538

3570

3571

3580

3582

3589

3594

3595

3596

3599

3601

3606

3607

3608

3610

3617

3635

3636

3637

3638

3639

3640

3641

3643

3644

3645

3646

3647

3648

3649

3650

3651

3654

3644

3666

3674

3681

3682

3683

3685

3704

3712

3713

3725

3742

3747

3748

3749

3750

3751

3752

3753

3754

3755

3757

3758

3759

3760

3761

3763

3765

3767

3769

3775

3782

3783

3788

3795

3796

3799

3800

3801

3804

3805

3806

3810

3811

3816

3823

3824

3833

3839

3840

3841

3842

3843

3862

3867

3869

3871

3872

3878

3879

3881

3883

3886

3888

3890

3896

3897

3898

3901

3902

3923

3952

3953

3960

3964

3968

3969

3970

3971

3972

3973

3974

3975

3976

3977

3978

3979

3982

3983

3984

3985

3986

3988

3989

3996

3997

4018

4022

4028

4035

4040

4050

4056

4066

4067

4071

4075

4077

4078

4080

4081

4084

4086

4097

4105

4106

4107

4108

4109

4110

4112

4113

4115

4116

4117

4118

4121

4125

4127

4128

4135

4154

4178

4179

4181

4196

4197

4199

4203

4206

4207

4212

4216

4217

4218

4219

4220

4231

4242

4243

4246

4254

4255

4265

4266

4268

4269

4270

4293

4294

4295

4298

4300

4302

4304

4306

4308

4310

4311

4319

4322

4324

4325

4326

4328

4331

4335

4336

4337

4338

4346

4352

4361

4365

4367

4370

4371

4372

4373

4377

4378

4379

4380

4383

4384

4385

4390

4391

4393

4394

4396

4397

4398

4399

4401

4402

4403

4404

4405

4406

4407

4408

4409

4410

4440

4481

4486

4487

4502

4503

4506

4510

4514

4515

4517

4518

4522

4524

4526

4530

4531

4532

4533

4534

4535

4536

4537

4538

4540

4542

4543

4544

4545

4546

4547

4548

4549

4551

4555

4556

4557

4558

4559

4566

4567

4568

4569

4572

4576

4578

4582

4585

4600

4613

4614

4615

4625

4633

4638

4645

4648

4655

4658

4660

4663

4672

4687

4688

4690

4693

4699

4703

4705

4707

4712

4713

4718

4723

4724

4725

4728

4745

4749

4750

4751

4753

4773

4776

4777

4780

4781

4783

4786

4787

4789

4795

4796

4799

4822

4825

4826

4827

4828

4829

4830

4831

4832

4833

4834

4835

4836

4837

4838

4839

4862

4863

4887

4890

4891

4893

4894

4896

4897

4898

4899

4900

4903

4907

4916

4918

4919

4921

4923

4928

4936

4946

4948

4951

4954

4955

4956

4957

4958

4959

4960

4961

4962

4963

4964

4965

4967

4970

4971

4974

4998

4999

5001

5003

5005

5006

5007

5008

5013

5022

5023

5024

5026

5027

5028

5029

5030

5031

5032

5034

5035

5037

5038

5039

5041

5045

5048

5051

5052

5057

5061

5063

5066

5080

5081

5083

5085

5086

5087

5094

5101

5123

5127

5128

5135

5137

5138

5142

5143

5144

5151

5154

5155

5157

5159

5175

5178

5186

5189

5191

5193

5194

5195

5203

5205

5206

5207

5212

5213

5215

5216

5219

5224

5225

5233

5235

5237

5245

5252

5256

5265

5267

5270

5274

5317

5318

5319

5320

5322

5323

5329

5332

5333

5337

5338

5339

5340

5341

5342

5345

5346

5347

5348

5349

5351

5352

5353

5354

5355

5356

5357

5358

5360

5361

5363

5364

5365

5366

5367

5368

5369

5370

5376

5377

5380

5381

5384

5387

5388

5390

5391

5392

5397

5399

5400

5401

5407

5411

5413

5415

5419

5421

5422

5423

5426

5466

5474

5478

5483

5499

5501

5508

5510

5511

5512

5514

5564

5570

5571

5574

5575

5577

5580

5584

5590

5593

5594

5596

5601

5602

5605

5606

5609

5610

5612

5619

5621

5626

5627

5629

5636

5638

5640

5641

5642

5643

5644

5646

5648

5651

5653

5654

5666

5667

5669

5674

5675

5695

5696

5698

5699

5700

5701

5702

5703

5705

5706

5710

5711

5713

5714

5716

5718

5719

5720

5723

5728

5729

5730

5739

5740

5743

5759

5762

5763

5764

5765

5766

5767

5769

5770

5774

5778

5783

5789

5795

5808

5833

5839

5842

5843

5851

5872

5879

5883

5886

5887

5888

5890

5892

5897

5901

5904

5905

5906

5907

5911

5914

5915

5935

5940

5941

5942

5943

5944

5947

5953

5959

5964

5966

5980

5985

5986

5987

5993

5998

6001

6008

6009

6012

6017

6028

6033

6035

6041

6046

6047

6048

6050

6054

6055

6066

6079

6099

6100

6109

6112

6113

6114

6116

6117

6119

6120

6121

6122

6123

6129

6132

6135

6148

6175

6177

6181

6184

6185

6186

6192

6194

6201

6203

6204

6205

6212

6226

6242

6259

6270

6273

6276

6277

6278

6284

6304

6309

6310

6311

6312

6315

6327

6334

6340

6348

6349

6351

6355

6356

6357

6358

6359

6360

6361

6362

6364

6365

6366

6368

6369

6370

6371

6372

6373

6394

6396

6399

6410

6419

